SetDesc: "MRST MC LO* fit.  LO PDF fit with violation of momentum-sum rule and NLO alpha_S."
SetIndex: 20650
Authors: A. Sherstnev and R.S. Thorne
Reference: arXiv:0711.2473
Format: lhagrid1
DataVersion: 2
NumMembers: 1
Particle: 2212
Flavors: [-5, -4, -3, -2, -1, 1, 2, 3, 4, 5, 21]
OrderQCD: 0
ForcePositive: 1
FlavorScheme: variable
NumFlavors: 5
XMin: 1e-05
XMax: 1
QMin: 1.11803
QMax: 3162.28
MZ: 91.1876
MUp: 0
MDown: 0
MStrange: 0
MCharm: 1.43
MBottom: 4.3
MTop: 180
AlphaS_MZ: 0.1204
AlphaS_OrderQCD: 1
AlphaS_Type: ipol
AlphaS_Qs: [1.118034e+00, 1.224745e+00, 1.414214e+00, 1.581139e+00, 1.788854e+00, 2.000000e+00, 2.236068e+00, 2.529822e+00, 2.828427e+00, 3.162278e+00, 3.464102e+00, 4.242641e+00, 5.099020e+00, 6.324555e+00, 8.000000e+00, 1.000000e+01, 1.264911e+01, 1.549193e+01, 2.000000e+01, 2.529822e+01, 3.162278e+01, 4.242641e+01, 5.656854e+01, 7.483315e+01, 9.118760e+01, 1.000000e+02, 1.341641e+02, 1.788854e+02, 2.366432e+02, 3.162278e+02, 4.242641e+02, 5.656854e+02, 7.483315e+02, 1.000000e+03, 1.341641e+03, 1.788854e+03, 2.366432e+03, 3.162278e+03]
AlphaS_Vals: [4.509231e-01, 4.207236e-01, 3.809889e-01, 3.570170e-01, 3.341796e-01, 3.160606e-01, 2.999169e-01, 2.839798e-01, 2.710412e-01, 2.592903e-01, 2.504578e-01, 2.329157e-01, 2.201544e-01, 2.070375e-01, 1.944686e-01, 1.839209e-01, 1.740252e-01, 1.663344e-01, 1.575918e-01, 1.503463e-01, 1.440749e-01, 1.365931e-01, 1.300046e-01, 1.241937e-01, 1.203998e-01, 1.187093e-01, 1.136338e-01, 1.090780e-01, 1.049914e-01, 1.010746e-01, 9.739707e-02, 9.405234e-02, 9.101637e-02, 8.807442e-02, 8.528327e-02, 8.272009e-02, 8.037302e-02, 7.807985e-02]
AlphaS_Lambda4: 0.345
AlphaS_Lambda5: 0.241
