SetDesc: "CT09 MC PDF with 1-loop alphas and momentum sum rule violation."
SetIndex: 10771
Authors: H.-L.Lai, J. Huston, S.Mrenna, P.M.Nadolsky, D.Stump, W.-K.Tung and C.-P.Yuan
Reference: arXiv:0910.4183
Format: lhagrid1
DataVersion: 1
NumMembers: 1
Particle: 2212
Flavors: [-5, -4, -3, -2, -1, 1, 2, 3, 4, 5, 21]
OrderQCD: 1
ForcePositive: 1
FlavorScheme: variable
NumFlavors: 5
XMin: 1e-08
XMax: 1
QMin: 1.30038
QMax: 37328.5
MZ: 91.1876
MUp: 0
MDown: 0
MStrange: 0
MCharm: 1.3
MBottom: 4.65
MTop: 172
AlphaS_MZ: 0.13
AlphaS_OrderQCD: 0
AlphaS_Type: ipol
AlphaS_Qs: [1.300382e+00, 1.544560e+00, 1.861230e+00, 2.278154e+00, 2.836070e+00, 3.596086e+00, 4.651400e+00, 6.070777e+00, 8.093943e+00, 1.104261e+01, 1.544469e+01, 2.219051e+01, 3.281924e+01, 5.008296e+01, 7.905699e+01, 9.118760e+01, 1.294359e+02, 2.204461e+02, 3.918218e+02, 7.291703e+02, 1.426114e+03, 2.943007e+03, 6.435850e+03, 1.498348e+04, 3.732853e+04]
AlphaS_Vals: [4.217652e-01, 3.847312e-01, 3.513002e-01, 3.210635e-01, 2.936704e-01, 2.688118e-01, 2.462249e-01, 2.279833e-01, 2.110930e-01, 1.954540e-01, 1.809735e-01, 1.675641e-01, 1.551497e-01, 1.436551e-01, 1.330120e-01, 1.300001e-01, 1.231574e-01, 1.140328e-01, 1.055832e-01, 9.776070e-02, 9.051771e-02, 8.381132e-02, 7.760179e-02, 7.185231e-02, 6.652812e-02]
